-440.0
-450.0
-800.0
10.0
-670.0
-480.0
-300.0
-390.0
-90.0
-410.0
10.0
-310.0
-270.0
-20.0
-430.0
-470.0
-10.0
-1780.0
-100.0
-80.0
0.0
-100.0
-490.0
-50.0
-20.0
-20.0
0.0
-30.0
-80.0
-10.0
-40.0
-80.0
-110.0
-40.0
0.0
-270.0
-50.0
-180.0
-30.0
-80.0
-150.0
10.0
0.0
-80.0
0.0
-30.0
-140.0
-610.0
-80.0
-30.0
-140.0
0.0
10.0
-300.0
10.0
0.0
0.0
10.0
-520.0
10.0
-10.0
10.0
0.0
-50.0
-260.0
0.0
-40.0
0.0
-100.0
10.0
-330.0
10.0
-200.0
-10.0
-120.0
-1230.0
-330.0
-430.0
-220.0
10.0
0.0
10.0
10.0
-370.0
-300.0
10.0
0.0
-910.0
-30.0
-10.0
0.0
-10.0
10.0
-5310.0
10.0
-50.0
0.0
-30.0
-2150.0
-30.0
-90.0
-60.0
