-30.0
-60.0
0.0
10.0
10.0
-90.0
-10.0
-40.0
-300.0
10.0
-10.0
10.0
-680.0
-40.0
-40.0
-10.0
10.0
0.0
-20.0
-120.0
-30.0
10.0
0.0
-50.0
-10.0
0.0
-70.0
-20.0
10.0
10.0
10.0
-140.0
-70.0
10.0
10.0
10.0
-10.0
-980.0
10.0
10.0
10.0
-120.0
-130.0
-70.0
-40.0
-10.0
-250.0
10.0
10.0
-10.0
0.0
10.0
-180.0
-20.0
-1050.0
-30.0
10.0
10.0
-350.0
10.0
10.0
10.0
0.0
-100.0
-360.0
-50.0
0.0
10.0
10.0
10.0
-30.0
10.0
0.0
10.0
-90.0
0.0
-10.0
10.0
-10.0
-20.0
0.0
10.0
10.0
-440.0
-80.0
-220.0
0.0
10.0
-1000.0
-240.0
-490.0
-550.0
-100.0
-100.0
-230.0
-10.0
-150.0
-50.0
0.0
-20.0
-40.0
0.0
-20.0
-40.0
-70.0
10.0
0.0
-30.0
-40.0
0.0
0.0
10.0
-1270.0
0.0
-70.0
-1010.0
10.0
0.0
0.0
0.0
-90.0
0.0
-170.0
-40.0
-30.0
-50.0
-20.0
-80.0
-20.0
-10.0
-200.0
-60.0
0.0
10.0
-40.0
10.0
10.0
-40.0
0.0
-320.0
-40.0
-240.0
-20.0
10.0
-30.0
-150.0
-200.0
-810.0
0.0
0.0
10.0
0.0
10.0
-40.0
-400.0
-230.0
10.0
-420.0
10.0
0.0
-70.0
-250.0
-380.0
0.0
0.0
0.0
10.0
10.0
-40.0
-60.0
10.0
-20.0
10.0
-10.0
10.0
10.0
10.0
-80.0
-20.0
-1910.0
-760.0
-110.0
-10.0
-50.0
-80.0
0.0
0.0
-1470.0
-40.0
-60.0
-170.0
-30.0
-60.0
10.0
0.0
-60.0
0.0
-10.0
10.0
-20.0
10.0
10.0
10.0
10.0
10.0
0.0
10.0
10.0
10.0
10.0
10.0
10.0
-140.0
10.0
0.0
10.0
10.0
10.0
-840.0
10.0
-90.0
10.0
-30.0
0.0
-20.0
10.0
10.0
0.0
-10.0
-20.0
10.0
-10.0
0.0
10.0
-1320.0
0.0
-60.0
-20.0
-80.0
10.0
10.0
10.0
10.0
-90.0
0.0
10.0
0.0
0.0
-40.0
-60.0
0.0
0.0
-40.0
10.0
0.0
0.0
-10.0
10.0
10.0
10.0
10.0
-550.0
10.0
10.0
10.0
10.0
-250.0
0.0
-70.0
10.0
10.0
0.0
10.0
-20.0
10.0
-70.0
10.0
-10.0
10.0
10.0
10.0
10.0
10.0
10.0
10.0
10.0
-420.0
10.0
10.0
0.0
10.0
10.0
10.0
10.0
10.0
10.0
10.0
10.0
0.0
10.0
10.0
0.0
-60.0
10.0
10.0
10.0
10.0
10.0
10.0
10.0
0.0
10.0
10.0
-170.0
10.0
-10.0
10.0
0.0
-320.0
-230.0
10.0
10.0
10.0
-1290.0
10.0
10.0
10.0
0.0
-10.0
-10.0
-10.0
10.0
0.0
10.0
10.0
0.0
10.0
10.0
0.0
10.0
10.0
10.0
10.0
10.0
10.0
-10.0
-10.0
-360.0
10.0
-10.0
10.0
-10.0
10.0
0.0
-10.0
0.0
10.0
10.0
-300.0
-260.0
0.0
0.0
10.0
10.0
10.0
0.0
10.0
0.0
10.0
0.0
10.0
10.0
0.0
10.0
10.0
10.0
10.0
10.0
0.0
-10.0
0.0
10.0
10.0
10.0
10.0
10.0
10.0
0.0
0.0
10.0
-10.0
10.0
10.0
10.0
10.0
10.0
10.0
10.0
10.0
10.0
10.0
10.0
10.0
10.0
-1520.0
10.0
10.0
10.0
10.0
10.0
10.0
10.0
10.0
10.0
10.0
10.0
10.0
10.0
10.0
10.0
10.0
10.0
10.0
10.0
10.0
10.0
10.0
10.0
10.0
10.0
10.0
10.0
10.0
10.0
10.0
10.0
10.0
10.0
10.0
10.0
10.0
10.0
10.0
10.0
10.0
10.0
10.0
10.0
10.0
10.0
10.0
10.0
10.0
10.0
10.0
10.0
10.0
-890.0
10.0
10.0
10.0
-30.0
10.0
10.0
10.0
10.0
10.0
0.0
0.0
10.0
10.0
10.0
10.0
0.0
10.0
10.0
10.0
10.0
10.0
10.0
10.0
0.0
10.0
10.0
10.0
10.0
10.0
10.0
10.0
10.0
10.0
10.0
0.0
10.0
10.0
10.0
10.0
0.0
10.0
10.0
-10.0
0.0
-680.0
10.0
10.0
10.0
10.0
10.0
10.0
10.0
-90.0
-10.0
-200.0
10.0
10.0
0.0
10.0
-80.0
0.0
-30.0
-20.0
0.0
-30.0
-30.0
-40.0
10.0
-10.0
10.0
10.0
10.0
-30.0
-40.0
0.0
-10.0
10.0
-30.0
10.0
0.0
0.0
0.0
-170.0
10.0
-20.0
10.0
0.0
-990.0
10.0
10.0
-130.0
0.0
10.0
10.0
10.0
10.0
10.0
10.0
-100.0
-90.0
0.0
10.0
-10.0
10.0
10.0
10.0
10.0
10.0
0.0
10.0
10.0
-60.0
10.0
-140.0
10.0
0.0
10.0
10.0
-10.0
10.0
10.0
10.0
-10.0
10.0
10.0
10.0
10.0
10.0
0.0
10.0
10.0
-20.0
10.0
10.0
10.0
10.0
0.0
-20.0
10.0
10.0
0.0
0.0
-130.0
10.0
-60.0
10.0
0.0
0.0
-140.0
10.0
10.0
10.0
10.0
-20.0
10.0
-60.0
10.0
-90.0
10.0
10.0
-110.0
10.0
10.0
-110.0
10.0
10.0
0.0
10.0
10.0
10.0
10.0
10.0
10.0
10.0
10.0
10.0
10.0
10.0
10.0
10.0
-20.0
-130.0
10.0
-80.0
0.0
10.0
10.0
0.0
10.0
-100.0
-40.0
-10.0
-10.0
10.0
-60.0
0.0
-50.0
10.0
0.0
10.0
10.0
10.0
0.0
-20.0
0.0
10.0
10.0
-20.0
10.0
-10.0
-20.0
10.0
10.0
10.0
0.0
-20.0
10.0
10.0
0.0
10.0
0.0
-30.0
10.0
10.0
10.0
10.0
10.0
10.0
10.0
10.0
10.0
10.0
10.0
-40.0
10.0
10.0
-10.0
0.0
