-2040.0
-4260.0
-3700.0
-3920.0
-1300.0
-3540.0
-1380.0
-1220.0
-1320.0
20.0
-4460.0
-200.0
-1520.0
-1000.0
-920.0
-4860.0
-220.0
-1180.0
-340.0
-2800.0
-3560.0
-2440.0
-1680.0
-1400.0
-1180.0
-1360.0
-1760.0
-1800.0
-1120.0
-1580.0
-1060.0
-800.0
-880.0
-740.0
-2640.0
-800.0
-3260.0
-860.0
-420.0
-2060.0
-340.0
-580.0
-20.0
-160.0
-400.0
-540.0
-60.0
-1060.0
-260.0
-680.0
-380.0
-1000.0
-2960.0
-2760.0
-320.0
-680.0
-2580.0
-1860.0
-120.0
-2800.0
-3660.0
-580.0
-1180.0
0.0
-1480.0
-1900.0
-1460.0
-2320.0
-1360.0
-3200.0
-2180.0
-2080.0
-600.0
-360.0
-620.0
-200.0
-2400.0
-260.0
-2260.0
-500.0
-980.0
-2360.0
-1600.0
-260.0
-440.0
-1300.0
-1360.0
-3620.0
-1280.0
-1400.0
-4180.0
-1520.0
-3080.0
-200.0
-1120.0
-3680.0
-5000.0
-2380.0
-2640.0
-1300.0
-240.0
-490.0
-50.0
-10.0
-490.0
-3240.0
-1130.0
-550.0
-740.0
-780.0
-360.0
-30.0
-170.0
-1620.0
-840.0
-320.0
-110.0
-1340.0
-500.0
-230.0
-120.0
-1000.0
-1530.0
-830.0
-1280.0
-1510.0
-190.0
-2310.0
-1650.0
-450.0
-200.0
-110.0
-2970.0
-810.0
-630.0
-470.0
-700.0
-760.0
-30.0
-2100.0
-3100.0
-4300.0
-3270.0
-340.0
-180.0
0.0
-370.0
-330.0
-3290.0
-930.0
-130.0
-1020.0
-30.0
-100.0
-170.0
-1600.0
-1510.0
-890.0
-150.0
-440.0
-790.0
-510.0
-190.0
-3360.0
-640.0
-680.0
-120.0
-170.0
-1240.0
-830.0
-420.0
-640.0
-2030.0
-230.0
-3310.0
-2020.0
-280.0
-860.0
-320.0
-190.0
-2300.0
-370.0
-150.0
-580.0
-2850.0
-3950.0
-2570.0
-690.0
-650.0
-620.0
-300.0
-770.0
-930.0
-2120.0
-1520.0
-750.0
-2140.0
-1210.0
-180.0
-740.0
-1690.0
-90.0
-520.0
-910.0
-110.0
-420.0
-130.0
-2310.0
-180.0
-1270.0
-680.0
-1060.0
-350.0
-240.0
-140.0
-1940.0
-2120.0
-640.0
-1710.0
-420.0
-570.0
-60.0
-350.0
-400.0
-90.0
-2530.0
-480.0
-710.0
-1000.0
-1660.0
-220.0
-190.0
-140.0
-80.0
-30.0
-1470.0
-1190.0
-580.0
-670.0
-940.0
-120.0
-50.0
-580.0
-440.0
-290.0
10.0
-1760.0
-410.0
-950.0
-2330.0
-2680.0
-830.0
-360.0
-1650.0
-810.0
-590.0
-2080.0
-1410.0
-3380.0
-2340.0
-390.0
-100.0
-110.0
-800.0
-820.0
-1610.0
-1150.0
-2560.0
-1720.0
-1330.0
-2370.0
-610.0
-800.0
-4070.0
-2290.0
-1140.0
-100.0
-270.0
-520.0
-520.0
-110.0
-260.0
-1100.0
-110.0
-460.0
-330.0
-1700.0
-890.0
-900.0
-1570.0
-180.0
-690.0
-150.0
-1100.0
-310.0
-250.0
-60.0
-360.0
-580.0
-300.0
-150.0
-940.0
-1530.0
-3980.0
-2590.0
-420.0
-890.0
-940.0
-1200.0
-350.0
-1340.0
-390.0
-360.0
-160.0
-3240.0
-520.0
-100.0
-340.0
-1780.0
-490.0
-1480.0
-260.0
-3490.0
-3930.0
-2610.0
-680.0
-110.0
-820.0
-200.0
-2320.0
-460.0
-960.0
-100.0
-2080.0
-880.0
-1380.0
-2600.0
-960.0
-1030.0
-1140.0
-1030.0
-670.0
-390.0
-100.0
-1670.0
-60.0
-630.0
-1450.0
-960.0
-1730.0
-90.0
-1660.0
-2480.0
-1160.0
-310.0
-940.0
-20.0
-370.0
-590.0
-1880.0
-490.0
-2000.0
-230.0
-650.0
-1710.0
-2600.0
-3030.0
-490.0
-710.0
-810.0
-540.0
-1080.0
-490.0
-430.0
-700.0
-310.0
-560.0
-690.0
-1270.0
-180.0
-160.0
-460.0
-610.0
-120.0
-140.0
-270.0
-1220.0
-1090.0
-260.0
-1690.0
-1130.0
-350.0
-810.0
-100.0
-510.0
-220.0
-130.0
-940.0
-930.0
-660.0
-40.0
-380.0
-3160.0
-920.0
-840.0
-340.0
-870.0
-1290.0
-390.0
-300.0
-870.0
-930.0
-570.0
-490.0
-750.0
-160.0
-3130.0
-260.0
-2550.0
-650.0
-490.0
-270.0
-210.0
-80.0
-40.0
-1930.0
-3560.0
-940.0
-420.0
-720.0
-700.0
-820.0
-860.0
-330.0
-50.0
-500.0
-230.0
-770.0
-700.0
-60.0
-390.0
-980.0
-660.0
-220.0
-840.0
-450.0
-630.0
-480.0
-800.0
-70.0
0.0
-420.0
-1330.0
-950.0
-1140.0
-2470.0
-1820.0
-2120.0
-750.0
-1950.0
-940.0
-110.0
-380.0
-180.0
-60.0
-480.0
-520.0
-190.0
-1420.0
-210.0
-320.0
-530.0
-340.0
-2720.0
-620.0
-340.0
-210.0
-110.0
-1630.0
-1530.0
-660.0
-60.0
-790.0
-710.0
-330.0
-220.0
-910.0
-950.0
-350.0
-140.0
-1440.0
-540.0
-200.0
-830.0
-830.0
-830.0
-80.0
-1800.0
-760.0
-970.0
-90.0
-40.0
-20.0
-220.0
-100.0
-2550.0
-1320.0
-200.0
-220.0
-1110.0
-310.0
-1190.0
10.0
-70.0
-1610.0
-1540.0
-530.0
-190.0
-720.0
-220.0
-230.0
-80.0
20.0
-3150.0
-390.0
-530.0
-1410.0
-2080.0
-1210.0
-590.0
-260.0
-2030.0
-1220.0
-520.0
-110.0
-310.0
-390.0
-230.0
-400.0
-730.0
-1700.0
-510.0
-120.0
-470.0
-1100.0
-930.0
-10.0
0.0
-1510.0
-3120.0
-2400.0
-290.0
-540.0
-200.0
-800.0
-1590.0
-870.0
-1180.0
-230.0
-640.0
-70.0
-2060.0
-1320.0
-1180.0
-580.0
-930.0
-200.0
-660.0
-130.0
-2930.0
-1560.0
-1910.0
-430.0
-550.0
-460.0
-520.0
-220.0
-480.0
-860.0
-1130.0
-480.0
-120.0
-130.0
-1330.0
-490.0
-370.0
-1610.0
-180.0
-400.0
-270.0
-830.0
-580.0
-410.0
-150.0
-550.0
-560.0
-250.0
-290.0
-460.0
-750.0
-230.0
20.0
-1170.0
-1540.0
-810.0
-1500.0
-130.0
-990.0
-540.0
-310.0
-380.0
-420.0
-150.0
-30.0
-160.0
-120.0
-490.0
-650.0
-990.0
-720.0
-900.0
-500.0
-1040.0
-50.0
-210.0
-640.0
-60.0
-130.0
-400.0
-530.0
-710.0
-300.0
-800.0
-540.0
-70.0
-30.0
20.0
-860.0
-2700.0
-820.0
-760.0
-430.0
-1330.0
-170.0
-370.0
-80.0
-630.0
-40.0
10.0
-140.0
-350.0
-270.0
-150.0
-1270.0
-300.0
-80.0
-250.0
-340.0
-1490.0
-770.0
-890.0
-3220.0
-570.0
-570.0
-90.0
-60.0
-80.0
-70.0
-2080.0
-360.0
-650.0
-270.0
-410.0
-130.0
-40.0
-10.0
-1200.0
-460.0
-530.0
-2540.0
-400.0
-860.0
-750.0
-1420.0
-2460.0
-1200.0
-10.0
-380.0
-90.0
-690.0
-110.0
-2670.0
-310.0
-300.0
-340.0
-160.0
-80.0
-1440.0
-240.0
-350.0
-1010.0
-210.0
-230.0
-620.0
-470.0
-170.0
-2620.0
-630.0
-2070.0
-810.0
-320.0
-360.0
-130.0
-1350.0
-1160.0
-770.0
-630.0
0.0
-610.0
-600.0
-40.0
-320.0
-780.0
-690.0
-1100.0
-1210.0
-910.0
-20.0
-950.0
-200.0
-390.0
-70.0
-110.0
-230.0
-2660.0
-710.0
-20.0
-640.0
-180.0
-430.0
-2280.0
-500.0
-130.0
-350.0
-20.0
-120.0
0.0
-30.0
-2310.0
-1780.0
-3190.0
-2130.0
-1440.0
-1100.0
-830.0
-1160.0
-2560.0
-270.0
-440.0
-60.0
-230.0
-130.0
-40.0
-20.0
10.0
-250.0
-670.0
-230.0
-70.0
-700.0
-670.0
-400.0
-90.0
-750.0
-340.0
-1150.0
-200.0
-120.0
-580.0
-540.0
-170.0
-220.0
-120.0
-330.0
-340.0
-180.0
-180.0
-50.0
-560.0
-20.0
-1060.0
-530.0
-420.0
-290.0
-1620.0
-650.0
-10.0
-180.0
-10.0
-130.0
-330.0
-10.0
-3270.0
-1300.0
-520.0
-640.0
-2120.0
-1720.0
-650.0
-530.0
-100.0
-230.0
-120.0
-3890.0
-2520.0
-990.0
-420.0
-380.0
-480.0
-150.0
-100.0
-980.0
-140.0
-450.0
-960.0
-790.0
-520.0
-210.0
0.0
-240.0
-470.0
-350.0
-100.0
-160.0
-1120.0
-700.0
-20.0
-270.0
-4430.0
-1130.0
-930.0
-1110.0
-510.0
-410.0
-1740.0
-90.0
-60.0
-500.0
-80.0
-60.0
-590.0
-2530.0
-670.0
-1620.0
-1240.0
-1030.0
-300.0
-370.0
-520.0
-170.0
-420.0
-10.0
-110.0
-460.0
-410.0
-100.0
-690.0
-330.0
-150.0
-270.0
-1790.0
-60.0
-20.0
-20.0
-10.0
-320.0
-140.0
-890.0
-460.0
-60.0
-2720.0
-330.0
-680.0
-360.0
-540.0
-140.0
-910.0
-100.0
-390.0
-70.0
-590.0
-20.0
-160.0
-90.0
-190.0
-360.0
-610.0
-490.0
-10.0
10.0
-730.0
-150.0
0.0
-80.0
-110.0
-70.0
-660.0
-860.0
-1150.0
-1650.0
-480.0
-100.0
-180.0
-4330.0
-1730.0
-1280.0
-400.0
-1060.0
-470.0
-180.0
-120.0
-180.0
-830.0
-780.0
-970.0
-590.0
-720.0
-380.0
-330.0
-140.0
-200.0
-960.0
-80.0
-230.0
-300.0
-770.0
-190.0
10.0
-100.0
-1640.0
-1270.0
-390.0
-990.0
-810.0
-700.0
-70.0
0.0
-100.0
-40.0
-1360.0
-3000.0
-860.0
-670.0
-2220.0
-80.0
-640.0
-210.0
-770.0
-260.0
-400.0
-50.0
-200.0
-120.0
-40.0
-120.0
-680.0
-410.0
-30.0
-10.0
-100.0
-210.0
-140.0
20.0
-10.0
-710.0
-50.0
-90.0
-90.0
-1130.0
-50.0
-300.0
-110.0
-340.0
-740.0
-260.0
-540.0
-940.0
-30.0
-160.0
-720.0
-70.0
-460.0
-190.0
-100.0
-1330.0
-410.0
-220.0
-350.0
-730.0
-440.0
-130.0
-70.0
-160.0
-630.0
-440.0
-600.0
-770.0
-420.0
-360.0
-10.0
-400.0
0.0
-1070.0
-1000.0
-2550.0
-470.0
-20.0
-60.0
-300.0
-150.0
-2140.0
-570.0
-950.0
-120.0
-1150.0
-520.0
-180.0
-60.0
-2280.0
-320.0
-340.0
-770.0
-500.0
-3620.0
-670.0
-540.0
-740.0
-930.0
-1850.0
-1790.0
-40.0
-1040.0
0.0
-170.0
-340.0
-220.0
-50.0
10.0
-1640.0
-1310.0
-2000.0
-650.0
-2390.0
-1150.0
-380.0
-1160.0
-210.0
-450.0
-640.0
-20.0
-80.0
-60.0
-170.0
-40.0
-360.0
-180.0
-220.0
-70.0
-590.0
-460.0
-60.0
-290.0
-10.0
-50.0
-750.0
-150.0
-300.0
-290.0
-1290.0
-370.0
-590.0
-60.0
10.0
-120.0
-570.0
-700.0
-610.0
-780.0
-140.0
-160.0
-860.0
-320.0
-80.0
-210.0
-910.0
-460.0
-260.0
-210.0
-260.0
-110.0
-470.0
-2330.0
20.0
-650.0
-1850.0
-330.0
20.0
0.0
-10.0
-1130.0
-790.0
-40.0
-60.0
10.0
-130.0
-520.0
-110.0
-670.0
-1640.0
-550.0
-670.0
-50.0
-100.0
-380.0
-170.0
-330.0
-2700.0
-290.0
-230.0
-100.0
-530.0
-850.0
-280.0
-830.0
-370.0
-1210.0
-1410.0
-1000.0
-100.0
-1400.0
-150.0
-60.0
-20.0
-40.0
-40.0
-1960.0
-1230.0
-390.0
-750.0
-410.0
-1910.0
-1240.0
-400.0
-360.0
-90.0
-100.0
-360.0
-240.0
-200.0
-20.0
-380.0
-360.0
-590.0
-310.0
-450.0
-890.0
-110.0
-50.0
-40.0
-260.0
-490.0
-780.0
-610.0
-210.0
-20.0
-1200.0
-980.0
-30.0
-60.0
-540.0
-210.0
-90.0
-160.0
-2690.0
-630.0
-840.0
-10.0
-230.0
-20.0
-250.0
-470.0
-90.0
-30.0
-80.0
-140.0
-210.0
-110.0
-250.0
-50.0
-210.0
-320.0
-600.0
-360.0
-410.0
-450.0
-40.0
-30.0
-1330.0
-1090.0
-1240.0
-1160.0
-1850.0
-570.0
-90.0
-430.0
-520.0
-20.0
-400.0
-670.0
-560.0
-650.0
-1750.0
-390.0
-220.0
-1260.0
-1110.0
-130.0
-100.0
-80.0
-860.0
-1920.0
-370.0
-250.0
-640.0
-3120.0
-900.0
-380.0
-740.0
-170.0
-50.0
-80.0
-260.0
-70.0
-100.0
-30.0
-3100.0
-1590.0
-1110.0
-80.0
-960.0
-800.0
-2910.0
-220.0
-370.0
-270.0
-30.0
-110.0
10.0
-180.0
-220.0
-20.0
-230.0
-60.0
-970.0
-140.0
-380.0
-120.0
-200.0
-20.0
-40.0
-40.0
-950.0
-160.0
-410.0
-130.0
-110.0
-150.0
0.0
-680.0
-580.0
-400.0
-490.0
-260.0
-1060.0
-180.0
-790.0
-280.0
-150.0
-300.0
-350.0
-20.0
-290.0
-400.0
-470.0
-70.0
-750.0
-270.0
-330.0
-140.0
-1440.0
-190.0
-320.0
-460.0
-340.0
-120.0
-520.0
-30.0
-250.0
-160.0
-410.0
-1890.0
-200.0
-450.0
-20.0
-260.0
10.0
-90.0
-790.0
-790.0
-460.0
-1880.0
-510.0
-80.0
-170.0
-3860.0
-10.0
-420.0
-370.0
-230.0
-1850.0
-320.0
-30.0
-410.0
-250.0
-680.0
-600.0
-760.0
-490.0
-80.0
-430.0
-360.0
-20.0
0.0
-40.0
-10.0
-2230.0
-1660.0
-510.0
-430.0
-2100.0
-150.0
-320.0
-580.0
-940.0
10.0
-10.0
-60.0
-20.0
-370.0
-10.0
-50.0
-420.0
-40.0
-1450.0
-220.0
-310.0
-60.0
-130.0
-330.0
-70.0
-320.0
-600.0
-180.0
-270.0
-260.0
-20.0
-330.0
-200.0
-70.0
20.0
-290.0
0.0
-40.0
-30.0
-110.0
-140.0
0.0
-130.0
-130.0
-100.0
-90.0
-90.0
0.0
-20.0
-70.0
20.0
-60.0
10.0
-20.0
-350.0
-160.0
-80.0
-510.0
-930.0
-40.0
-10.0
-50.0
-50.0
-110.0
-150.0
-1750.0
-1290.0
-150.0
-30.0
-40.0
-460.0
-130.0
-290.0
-1640.0
-450.0
-860.0
-1400.0
-530.0
-450.0
-20.0
-360.0
-840.0
-410.0
-390.0
10.0
-190.0
-870.0
-200.0
-60.0
-410.0
-10.0
-690.0
-600.0
-1860.0
-1120.0
-510.0
-190.0
-320.0
-440.0
-70.0
20.0
-20.0
-840.0
-1520.0
-180.0
-40.0
-1870.0
-50.0
-610.0
-150.0
-290.0
-50.0
-110.0
-540.0
-10.0
0.0
-30.0
-70.0
-80.0
-200.0
-860.0
-380.0
-300.0
-310.0
-10.0
-10.0
0.0
-280.0
-310.0
-70.0
-480.0
-50.0
-540.0
-250.0
-30.0
10.0
-380.0
-50.0
20.0
-10.0
-440.0
-330.0
-10.0
-260.0
-170.0
-220.0
-320.0
-70.0
-1050.0
-320.0
-80.0
-110.0
10.0
-30.0
-120.0
-40.0
-430.0
-150.0
-450.0
-220.0
-190.0
0.0
-330.0
-30.0
-70.0
-10.0
-580.0
-1050.0
-1210.0
-60.0
-30.0
10.0
-310.0
-20.0
-150.0
-320.0
-100.0
-480.0
-1450.0
-970.0
-400.0
-440.0
-350.0
-770.0
-70.0
-60.0
-30.0
-310.0
-1060.0
-230.0
-120.0
-40.0
-330.0
-650.0
-340.0
-1670.0
-1110.0
-450.0
-400.0
-10.0
-540.0
0.0
-440.0
-70.0
-2070.0
-560.0
-420.0
-300.0
-60.0
-1660.0
-1150.0
-70.0
-50.0
-50.0
-40.0
-110.0
0.0
-50.0
-30.0
-170.0
20.0
10.0
-20.0
-40.0
-280.0
10.0
-20.0
-10.0
0.0
-50.0
-460.0
-30.0
-210.0
-280.0
-220.0
-210.0
-260.0
-130.0
-190.0
-120.0
-10.0
-570.0
20.0
-140.0
10.0
-110.0
-30.0
-130.0
-470.0
-70.0
-80.0
-60.0
10.0
-160.0
-430.0
-210.0
-20.0
-150.0
-2820.0
-710.0
-570.0
-180.0
-70.0
-650.0
-110.0
-350.0
-180.0
-260.0
-810.0
-50.0
-380.0
-450.0
-80.0
-160.0
-180.0
-60.0
-20.0
-1350.0
-110.0
-700.0
-860.0
-280.0
-130.0
-610.0
-90.0
-430.0
-220.0
-100.0
-10.0
-10.0
-380.0
-1730.0
-150.0
-170.0
-80.0
-140.0
-350.0
-1630.0
-1690.0
-840.0
-90.0
20.0
-10.0
-150.0
-220.0
-130.0
-530.0
-1660.0
-590.0
-60.0
-1410.0
-430.0
-1630.0
-460.0
20.0
-40.0
-200.0
-240.0
0.0
-30.0
-10.0
-20.0
10.0
-290.0
-160.0
-130.0
-30.0
-820.0
-30.0
-140.0
-40.0
-30.0
-50.0
-40.0
10.0
20.0
-80.0
-460.0
-240.0
-480.0
-60.0
-590.0
-230.0
-80.0
20.0
10.0
-10.0
0.0
-50.0
-120.0
-350.0
-70.0
-150.0
-80.0
-40.0
-110.0
-600.0
-30.0
-820.0
-60.0
-20.0
-500.0
-40.0
-100.0
-410.0
-1630.0
-210.0
-320.0
-100.0
-120.0
0.0
-660.0
-370.0
-1160.0
-100.0
-290.0
0.0
-330.0
20.0
-70.0
-130.0
0.0
-290.0
-190.0
-70.0
-220.0
-50.0
-280.0
-780.0
-60.0
-250.0
-140.0
-80.0
-940.0
-70.0
-20.0
-60.0
-50.0
-380.0
-380.0
-2380.0
-860.0
-560.0
10.0
0.0
10.0
0.0
10.0
0.0
-1770.0
-60.0
-70.0
-40.0
-180.0
-2490.0
-570.0
-20.0
-410.0
-260.0
10.0
-40.0
-90.0
10.0
0.0
-30.0
0.0
-70.0
-290.0
-220.0
-290.0
-40.0
-110.0
20.0
-10.0
-30.0
20.0
0.0
-60.0
20.0
0.0
-80.0
10.0
-10.0
20.0
10.0
-60.0
0.0
-60.0
-110.0
20.0
0.0
-40.0
10.0
-320.0
0.0
-110.0
-280.0
-40.0
-10.0
-20.0
10.0
10.0
0.0
20.0
-40.0
-50.0
10.0
-770.0
-1010.0
-1380.0
-10.0
-120.0
0.0
20.0
10.0
-410.0
-170.0
-20.0
-290.0
-30.0
-70.0
-260.0
-80.0
-90.0
-700.0
-640.0
10.0
-300.0
-220.0
-190.0
-340.0
-30.0
-70.0
0.0
-210.0
-60.0
-1800.0
-40.0
-280.0
10.0
-20.0
-760.0
-170.0
-1500.0
-100.0
-50.0
10.0
-280.0
10.0
-500.0
-2340.0
-3390.0
-780.0
-290.0
-1180.0
-450.0
-470.0
-30.0
-420.0
-120.0
-70.0
10.0
20.0
-110.0
-350.0
-90.0
-90.0
-210.0
-160.0
0.0
0.0
-1110.0
0.0
-80.0
-220.0
20.0
-140.0
-150.0
-450.0
-180.0
-20.0
-20.0
0.0
10.0
-240.0
-40.0
20.0
0.0
20.0
-230.0
-230.0
20.0
-80.0
-250.0
-130.0
-150.0
-30.0
-30.0
-90.0
-240.0
10.0
-80.0
20.0
-10.0
0.0
-50.0
-100.0
-150.0
-170.0
-400.0
-40.0
-130.0
-70.0
-70.0
-70.0
-60.0
-1120.0
-860.0
-160.0
-100.0
-80.0
-310.0
-50.0
-270.0
-310.0
-270.0
10.0
-220.0
-90.0
-110.0
-160.0
-1200.0
-70.0
-80.0
-320.0
-30.0
-1470.0
-670.0
-310.0
-40.0
-530.0
-350.0
-840.0
-310.0
-690.0
0.0
20.0
20.0
20.0
-110.0
0.0
-520.0
-530.0
-600.0
-390.0
-1350.0
-100.0
-950.0
-320.0
-710.0
-30.0
-130.0
0.0
-290.0
0.0
-60.0
-20.0
-40.0
10.0
-140.0
-80.0
-30.0
-40.0
0.0
-30.0
10.0
10.0
0.0
-180.0
0.0
-100.0
-20.0
-70.0
-70.0
-90.0
-1420.0
-480.0
-180.0
-680.0
-270.0
-210.0
-50.0
10.0
-10.0
-120.0
-140.0
-460.0
-50.0
20.0
20.0
20.0
10.0
-250.0
-60.0
-10.0
-210.0
-650.0
-280.0
-50.0
-830.0
-110.0
-400.0
-120.0
-680.0
10.0
0.0
-20.0
-450.0
-2590.0
-1280.0
-10.0
-450.0
-20.0
-150.0
-360.0
-110.0
-20.0
10.0
-290.0
-130.0
-630.0
-800.0
-710.0
-100.0
-40.0
-10.0
-120.0
0.0
-60.0
-320.0
-90.0
-140.0
-80.0
-120.0
-2190.0
-1150.0
-150.0
20.0
-10.0
10.0
0.0
-20.0
-110.0
-1170.0
-150.0
-440.0
-390.0
-30.0
-380.0
-220.0
-120.0
-330.0
-50.0
-50.0
-80.0
-270.0
-20.0
-50.0
-10.0
-80.0
-10.0
-70.0
-10.0
-110.0
-300.0
-540.0
-50.0
-40.0
-60.0
-310.0
-10.0
-2130.0
-130.0
-410.0
-160.0
-80.0
-40.0
-90.0
-330.0
-540.0
-250.0
-150.0
-540.0
20.0
-40.0
10.0
10.0
-360.0
-220.0
0.0
-70.0
-100.0
-50.0
-490.0
-230.0
-50.0
-50.0
-170.0
-10.0
10.0
0.0
-300.0
-260.0
-600.0
-100.0
-60.0
-20.0
20.0
-60.0
-1040.0
-500.0
-790.0
-200.0
-70.0
-70.0
-30.0
-40.0
-30.0
-160.0
-150.0
-90.0
-3000.0
0.0
-210.0
-60.0
-350.0
-160.0
-150.0
-20.0
20.0
-180.0
-330.0
20.0
-10.0
10.0
-200.0
-610.0
-340.0
-220.0
-110.0
-60.0
0.0
-10.0
10.0
10.0
20.0
0.0
-950.0
-920.0
-170.0
-50.0
-100.0
-190.0
-550.0
-230.0
-10.0
20.0
-90.0
0.0
-20.0
-420.0
20.0
-70.0
-270.0
-140.0
-60.0
-30.0
-60.0
-490.0
10.0
10.0
20.0
20.0
0.0
-300.0
-20.0
-10.0
-110.0
-30.0
-20.0
20.0
-30.0
0.0
-30.0
20.0
-10.0
-20.0
0.0
-210.0
-20.0
-150.0
0.0
20.0
-190.0
-70.0
-20.0
-200.0
-910.0
20.0
20.0
10.0
20.0
10.0
-170.0
-10.0
0.0
-50.0
-80.0
-50.0
-200.0
-30.0
20.0
-70.0
-10.0
-40.0
20.0
-20.0
-20.0
-70.0
-2790.0
-720.0
-360.0
-70.0
-380.0
-20.0
-10.0
-70.0
-10.0
-30.0
-20.0
-20.0
-200.0
-100.0
-320.0
-60.0
-860.0
-10.0
-320.0
-150.0
-40.0
10.0
20.0
-430.0
10.0
-10.0
-670.0
-50.0
-370.0
-90.0
-70.0
-350.0
-40.0
-80.0
-1550.0
10.0
0.0
-60.0
-80.0
-470.0
-30.0
-340.0
0.0
-150.0
-340.0
-140.0
-20.0
-180.0
-60.0
-110.0
-1060.0
-250.0
-2080.0
-150.0
-30.0
-130.0
-210.0
-50.0
-160.0
-760.0
-480.0
-30.0
-850.0
-990.0
-610.0
-880.0
-100.0
-540.0
-260.0
10.0
20.0
-10.0
-40.0
-150.0
-60.0
-60.0
-20.0
-40.0
0.0
-30.0
0.0
-740.0
-70.0
-140.0
-220.0
-230.0
-50.0
-160.0
0.0
-30.0
-60.0
-70.0
-50.0
10.0
-20.0
10.0
-50.0
0.0
10.0
-240.0
-790.0
-360.0
-50.0
-10.0
-280.0
-120.0
20.0
-60.0
20.0
-50.0
-260.0
-70.0
-10.0
-30.0
-390.0
-20.0
-390.0
-1180.0
-60.0
0.0
-10.0
10.0
-10.0
20.0
-100.0
-30.0
-540.0
-310.0
-400.0
-410.0
-110.0
-140.0
-20.0
-60.0
-20.0
-20.0
10.0
-30.0
-10.0
-90.0
-220.0
-260.0
-450.0
-70.0
-240.0
-100.0
-100.0
-40.0
10.0
-30.0
-210.0
-710.0
-30.0
-250.0
-200.0
20.0
10.0
20.0
10.0
10.0
0.0
-640.0
-1200.0
-340.0
-30.0
-210.0
-610.0
-180.0
-80.0
-500.0
-90.0
-30.0
-30.0
-20.0
-70.0
-30.0
20.0
-100.0
-70.0
-40.0
-50.0
-150.0
-1230.0
-360.0
-10.0
10.0
-60.0
-10.0
10.0
-20.0
20.0
10.0
-120.0
-10.0
-90.0
-10.0
-470.0
-50.0
-240.0
20.0
0.0
-10.0
-200.0
-90.0
10.0
-20.0
20.0
0.0
0.0
-100.0
-50.0
-10.0
-10.0
-30.0
-80.0
-10.0
-100.0
10.0
-10.0
-20.0
-920.0
-80.0
-40.0
-60.0
0.0
-90.0
-20.0
-760.0
-490.0
-330.0
-60.0
20.0
20.0
10.0
0.0
-10.0
-2150.0
-280.0
-1010.0
-2380.0
-40.0
-220.0
-70.0
-10.0
-720.0
-40.0
-30.0
-50.0
-30.0
-2240.0
-750.0
-30.0
-60.0
-10.0
-1390.0
-510.0
-380.0
-3170.0
-460.0
-10.0
20.0
20.0
-10.0
-30.0
10.0
-460.0
-1780.0
-1300.0
-210.0
-300.0
-130.0
-50.0
-380.0
-1100.0
-70.0
-30.0
10.0
10.0
-160.0
-150.0
-10.0
-300.0
10.0
-1870.0
-1920.0
-340.0
-340.0
-100.0
-40.0
-10.0
-80.0
-170.0
-40.0
-70.0
-130.0
-130.0
-140.0
-1540.0
0.0
-110.0
10.0
-320.0
-10.0
10.0
-10.0
10.0
-20.0
-10.0
0.0
-50.0
-10.0
-90.0
0.0
-20.0
-20.0
10.0
-660.0
-760.0
-170.0
-180.0
-250.0
-80.0
-20.0
-10.0
20.0
-20.0
-10.0
-130.0
-80.0
-940.0
-150.0
0.0
-10.0
-40.0
20.0
10.0
-460.0
-40.0
-200.0
-1650.0
20.0
-30.0
-70.0
-170.0
10.0
-20.0
0.0
-20.0
-40.0
-520.0
-160.0
-420.0
-190.0
-1270.0
-270.0
-2000.0
-310.0
-190.0
20.0
10.0
0.0
20.0
-10.0
-10.0
-190.0
-1570.0
-160.0
-230.0
-90.0
-220.0
-20.0
-300.0
-350.0
-320.0
-160.0
-130.0
0.0
-40.0
-70.0
-160.0
-90.0
-180.0
-970.0
-120.0
-30.0
-230.0
-260.0
-40.0
-10.0
-10.0
10.0
-20.0
-40.0
-80.0
-180.0
-250.0
-10.0
20.0
0.0
-40.0
-100.0
-570.0
-40.0
-10.0
0.0
-50.0
20.0
20.0
-50.0
-110.0
-190.0
0.0
-70.0
10.0
-60.0
0.0
-180.0
-380.0
-270.0
-170.0
0.0
-20.0
20.0
-590.0
-40.0
-120.0
0.0
0.0
-80.0
-60.0
10.0
-200.0
-310.0
-110.0
0.0
-40.0
-240.0
-10.0
-260.0
-850.0
-1450.0
-660.0
-1450.0
-20.0
-110.0
-270.0
-190.0
-260.0
-210.0
-30.0
-40.0
10.0
-1560.0
-100.0
-90.0
-100.0
10.0
-40.0
-690.0
10.0
-90.0
-150.0
10.0
-50.0
-50.0
-40.0
-50.0
-10.0
-160.0
-50.0
-830.0
-110.0
-140.0
-430.0
-120.0
-430.0
-280.0
-1440.0
-80.0
-150.0
-60.0
0.0
-10.0
-10.0
10.0
10.0
-210.0
0.0
-330.0
-90.0
-330.0
20.0
-30.0
-40.0
0.0
0.0
-40.0
-10.0
-20.0
20.0
-20.0
-30.0
10.0
-20.0
10.0
10.0
10.0
0.0
-570.0
-110.0
-280.0
-30.0
-10.0
10.0
-150.0
-180.0
-20.0
0.0
20.0
20.0
-20.0
-20.0
-20.0
-130.0
-420.0
-210.0
-130.0
-140.0
-20.0
-100.0
-570.0
10.0
-20.0
20.0
-150.0
-350.0
-540.0
-130.0
-380.0
-120.0
-350.0
-220.0
0.0
-60.0
-170.0
-180.0
-270.0
10.0
-430.0
0.0
-210.0
-390.0
-30.0
-70.0
20.0
-40.0
-270.0
-30.0
20.0
-150.0
-30.0
-270.0
-690.0
-410.0
-60.0
-20.0
-900.0
-70.0
-40.0
-20.0
-140.0
-60.0
-160.0
-370.0
-410.0
-40.0
-280.0
-230.0
-1240.0
-150.0
-170.0
-190.0
-80.0
0.0
-10.0
-90.0
10.0
20.0
0.0
0.0
-110.0
-450.0
-170.0
10.0
-80.0
-130.0
-20.0
20.0
-440.0
-30.0
10.0
0.0
20.0
10.0
-20.0
20.0
20.0
-70.0
10.0
0.0
0.0
-140.0
10.0
10.0
20.0
20.0
10.0
-100.0
-210.0
-20.0
-30.0
-30.0
-20.0
-40.0
-560.0
-260.0
-60.0
-60.0
-70.0
-310.0
-10.0
-480.0
-650.0
20.0
-10.0
20.0
-70.0
20.0
-10.0
-600.0
-50.0
-50.0
-60.0
20.0
-20.0
10.0
-30.0
-10.0
-120.0
-90.0
-390.0
20.0
10.0
-40.0
20.0
-30.0
-70.0
20.0
-250.0
0.0
-850.0
0.0
-30.0
-120.0
10.0
-160.0
-480.0
-280.0
-580.0
-90.0
10.0
-10.0
-10.0
-20.0
-20.0
-50.0
-60.0
-190.0
-940.0
-30.0
-20.0
-100.0
-170.0
-50.0
-930.0
-260.0
0.0
10.0
0.0
-30.0
20.0
-20.0
10.0
-10.0
-60.0
10.0
-90.0
-10.0
-180.0
-60.0
-40.0
-140.0
10.0
10.0
10.0
20.0
20.0
-60.0
-50.0
20.0
-30.0
-30.0
-140.0
-70.0
-40.0
-160.0
-10.0
10.0
-50.0
-50.0
-140.0
-290.0
-130.0
-150.0
-60.0
-80.0
-280.0
20.0
-30.0
-70.0
-80.0
20.0
20.0
-10.0
-30.0
-30.0
-60.0
10.0
-10.0
-60.0
0.0
-210.0
-160.0
-20.0
-20.0
-100.0
-60.0
-80.0
-10.0
-20.0
-60.0
-30.0
10.0
-550.0
-410.0
-120.0
-10.0
0.0
-90.0
-30.0
0.0
-100.0
-20.0
-50.0
-30.0
10.0
-150.0
0.0
-430.0
-390.0
-110.0
-200.0
-20.0
20.0
10.0
10.0
-10.0
10.0
10.0
-10.0
-250.0
-390.0
-150.0
-330.0
-120.0
-1370.0
-180.0
-460.0
-30.0
-10.0
-40.0
-80.0
-20.0
-130.0
-120.0
-60.0
-50.0
-280.0
-10.0
0.0
0.0
-170.0
20.0
0.0
20.0
-70.0
-10.0
-330.0
-40.0
-210.0
0.0
0.0
-30.0
-80.0
-90.0
20.0
20.0
0.0
20.0
-30.0
-80.0
-10.0
-10.0
0.0
-50.0
-30.0
-20.0
-70.0
-160.0
0.0
-640.0
-170.0
10.0
-170.0
-70.0
-20.0
-30.0
-190.0
-1250.0
-30.0
20.0
10.0
-20.0
10.0
-10.0
-1050.0
-190.0
-50.0
-450.0
-80.0
-50.0
-70.0
-50.0
-30.0
10.0
10.0
20.0
-140.0
-20.0
10.0
0.0
-120.0
-170.0
0.0
0.0
-70.0
20.0
-230.0
-200.0
-110.0
-80.0
-80.0
-170.0
20.0
0.0
-810.0
-50.0
10.0
-90.0
-10.0
10.0
10.0
-10.0
-230.0
-240.0
-110.0
-210.0
-30.0
-850.0
-120.0
-270.0
-80.0
-540.0
-620.0
-50.0
-330.0
-10.0
20.0
10.0
0.0
10.0
-40.0
0.0
-20.0
-230.0
0.0
-70.0
10.0
-110.0
0.0
-300.0
0.0
20.0
-30.0
-80.0
20.0
-10.0
-10.0
-60.0
-10.0
20.0
10.0
-70.0
20.0
-30.0
-100.0
-90.0
-30.0
-120.0
-70.0
-20.0
-70.0
10.0
-130.0
-60.0
20.0
10.0
20.0
0.0
20.0
10.0
-410.0
0.0
-240.0
-10.0
-120.0
20.0
-20.0
-80.0
-30.0
-280.0
-330.0
-190.0
10.0
0.0
0.0
-10.0
20.0
20.0
20.0
20.0
-240.0
-30.0
-30.0
-10.0
-130.0
-1950.0
-40.0
-40.0
-110.0
-80.0
-60.0
-20.0
-120.0
-170.0
-100.0
-300.0
-140.0
-40.0
-100.0
-190.0
20.0
-240.0
-20.0
20.0
-10.0
-10.0
-40.0
-470.0
-670.0
-360.0
-240.0
-50.0
-590.0
-250.0
-550.0
-260.0
-50.0
-40.0
20.0
-40.0
-150.0
-410.0
-100.0
-40.0
20.0
-100.0
0.0
-60.0
-110.0
20.0
-20.0
-10.0
-10.0
-20.0
0.0
-260.0
-10.0
-130.0
0.0
20.0
-30.0
10.0
-30.0
-40.0
20.0
-90.0
0.0
-70.0
20.0
20.0
-30.0
-60.0
-20.0
10.0
-110.0
-20.0
0.0
-20.0
-20.0
-10.0
10.0
-50.0
10.0
20.0
0.0
-610.0
-780.0
-170.0
-250.0
-110.0
10.0
20.0
-100.0
-230.0
-1040.0
-70.0
10.0
-30.0
-60.0
-10.0
-20.0
20.0
10.0
10.0
-120.0
10.0
10.0
20.0
-60.0
-960.0
-20.0
-80.0
-10.0
10.0
-370.0
-2640.0
-1290.0
-330.0
-90.0
-170.0
-400.0
-990.0
-190.0
0.0
-10.0
-20.0
10.0
-50.0
20.0
-280.0
-880.0
-240.0
-290.0
-350.0
-180.0
-840.0
-240.0
-200.0
-490.0
-350.0
-50.0
-30.0
0.0
-10.0
20.0
10.0
-110.0
0.0
-340.0
-160.0
-30.0
-30.0
-920.0
-10.0
10.0
0.0
-80.0
10.0
-10.0
20.0
-80.0
-30.0
-50.0
-70.0
-80.0
-20.0
0.0
-40.0
-160.0
-60.0
-40.0
-90.0
10.0
-60.0
-70.0
-70.0
-160.0
-90.0
-190.0
-140.0
-50.0
-30.0
-270.0
-50.0
-190.0
-370.0
-80.0
-210.0
-180.0
-20.0
-10.0
10.0
-30.0
-10.0
-1850.0
-10.0
-380.0
-120.0
-70.0
0.0
-160.0
-10.0
-30.0
-20.0
-30.0
0.0
-680.0
0.0
-100.0
-80.0
-110.0
-1850.0
-30.0
-60.0
-10.0
20.0
-60.0
-50.0
-280.0
-600.0
-60.0
0.0
-30.0
-120.0
-40.0
-130.0
-20.0
0.0
-10.0
10.0
-40.0
-10.0
-4010.0
-920.0
-160.0
-110.0
-150.0
-720.0
-10.0
-20.0
-80.0
-220.0
-40.0
-680.0
-80.0
0.0
-50.0
-1320.0
-350.0
20.0
-410.0
-380.0
-500.0
-190.0
-50.0
-10.0
-160.0
-90.0
0.0
-80.0
20.0
0.0
10.0
10.0
-360.0
-180.0
-450.0
-130.0
-790.0
-40.0
-130.0
-120.0
0.0
-10.0
10.0
0.0
-50.0
-50.0
-160.0
-180.0
-50.0
-80.0
-90.0
-200.0
20.0
-10.0
-260.0
-50.0
0.0
10.0
-30.0
-240.0
10.0
0.0
10.0
0.0
0.0
0.0
-480.0
-60.0
-1050.0
-520.0
-420.0
-230.0
-40.0
-100.0
-70.0
-80.0
-30.0
-110.0
-80.0
0.0
-200.0
-50.0
-110.0
-330.0
-100.0
-60.0
10.0
-160.0
-210.0
-150.0
-190.0
-130.0
-100.0
-20.0
-20.0
-940.0
-370.0
-170.0
10.0
-90.0
0.0
-130.0
-20.0
-70.0
-270.0
-2040.0
-240.0
-100.0
10.0
-510.0
-180.0
-20.0
-440.0
-330.0
10.0
10.0
10.0
20.0
10.0
-910.0
-180.0
-170.0
-20.0
20.0
10.0
-10.0
-830.0
10.0
-110.0
-40.0
-130.0
10.0
20.0
-440.0
-40.0
-40.0
10.0
10.0
10.0
20.0
-210.0
-200.0
-470.0
-30.0
20.0
-30.0
-90.0
-20.0
-160.0
-260.0
-40.0
-590.0
-40.0
-80.0
-90.0
-60.0
-50.0
0.0
-10.0
-90.0
0.0
20.0
-110.0
-320.0
-230.0
-90.0
-80.0
-40.0
-90.0
-90.0
-640.0
0.0
-190.0
-210.0
10.0
10.0
-100.0
20.0
-150.0
-30.0
-60.0
10.0
-230.0
-90.0
-230.0
-120.0
-150.0
-50.0
10.0
20.0
-40.0
10.0
-40.0
-60.0
-180.0
-80.0
-40.0
-100.0
-250.0
-520.0
-120.0
20.0
20.0
10.0
-20.0
-10.0
10.0
10.0
-170.0
-140.0
-770.0
-80.0
-250.0
-180.0
-270.0
-70.0
-140.0
-160.0
-10.0
-10.0
10.0
-20.0
-90.0
20.0
0.0
-30.0
-90.0
-60.0
-70.0
-40.0
-170.0
0.0
20.0
0.0
-10.0
0.0
-10.0
10.0
0.0
10.0
0.0
-160.0
20.0
-20.0
20.0
10.0
0.0
-30.0
-80.0
20.0
20.0
-40.0
0.0
0.0
-110.0
-40.0
-620.0
-60.0
10.0
0.0
-550.0
-20.0
0.0
-70.0
-1280.0
-460.0
-680.0
20.0
-20.0
-90.0
20.0
-30.0
-40.0
-20.0
-1160.0
-200.0
-960.0
-60.0
10.0
-70.0
-90.0
-60.0
-80.0
-90.0
-670.0
-220.0
-130.0
10.0
-20.0
-100.0
-90.0
-560.0
-190.0
-280.0
-120.0
-230.0
-20.0
-10.0
-140.0
-10.0
-340.0
-680.0
-280.0
-550.0
-40.0
-160.0
-70.0
-60.0
-130.0
-40.0
0.0
-70.0
-130.0
-620.0
0.0
-130.0
-100.0
-500.0
-80.0
-180.0
0.0
-1010.0
20.0
10.0
20.0
-90.0
10.0
20.0
20.0
0.0
-500.0
0.0
20.0
-100.0
-390.0
10.0
-40.0
-10.0
-40.0
20.0
-30.0
10.0
0.0
0.0
10.0
0.0
-10.0
20.0
10.0
-80.0
-40.0
-160.0
-630.0
-690.0
-60.0
-600.0
-20.0
-20.0
-30.0
-160.0
20.0
20.0
20.0
0.0
-50.0
20.0
-90.0
20.0
-150.0
-70.0
-330.0
-40.0
-130.0
-20.0
-50.0
-50.0
-50.0
-70.0
-600.0
-610.0
-120.0
-600.0
20.0
0.0
-90.0
-90.0
20.0
-10.0
-20.0
-80.0
-50.0
-10.0
-20.0
-40.0
20.0
-500.0
-100.0
-30.0
10.0
-80.0
-90.0
-610.0
-200.0
-10.0
-190.0
-30.0
-280.0
-90.0
-70.0
0.0
20.0
0.0
-100.0
-60.0
-50.0
-1040.0
-1330.0
-240.0
-550.0
-30.0
0.0
-30.0
-130.0
-640.0
-230.0
20.0
20.0
10.0
10.0
0.0
-10.0
10.0
20.0
10.0
-40.0
-130.0
-50.0
-410.0
-10.0
-160.0
-100.0
-30.0
0.0
-1180.0
20.0
20.0
20.0
-2260.0
-100.0
-780.0
-410.0
-10.0
-230.0
-70.0
20.0
-110.0
-360.0
-20.0
-40.0
0.0
20.0
-10.0
-20.0
-10.0
-30.0
20.0
-30.0
0.0
20.0
10.0
0.0
10.0
-10.0
-740.0
-340.0
-410.0
0.0
-20.0
10.0
10.0
20.0
0.0
-20.0
-100.0
-30.0
-90.0
-350.0
-150.0
-60.0
-340.0
-60.0
10.0
-100.0
-900.0
-90.0
-40.0
10.0
10.0
-60.0
-150.0
-60.0
-230.0
-110.0
-100.0
0.0
-10.0
0.0
-50.0
-810.0
-900.0
-120.0
-100.0
10.0
-40.0
-330.0
-50.0
20.0
0.0
-80.0
-570.0
-120.0
-940.0
-100.0
-220.0
-920.0
-160.0
-310.0
-220.0
-20.0
10.0
0.0
0.0
20.0
20.0
20.0
0.0
10.0
-20.0
20.0
-20.0
-70.0
-170.0
10.0
20.0
10.0
-40.0
10.0
-160.0
-30.0
-370.0
20.0
-60.0
0.0
0.0
-50.0
-10.0
-20.0
20.0
-10.0
-30.0
-40.0
-40.0
-60.0
-60.0
10.0
10.0
10.0
-10.0
-360.0
20.0
0.0
-50.0
-20.0
-60.0
0.0
-50.0
-470.0
-80.0
-2110.0
-80.0
-50.0
-10.0
-30.0
10.0
-20.0
-10.0
-60.0
-180.0
-230.0
20.0
20.0
10.0
20.0
10.0
-10.0
-250.0
-400.0
-380.0
-80.0
-310.0
-30.0
-120.0
-40.0
-160.0
10.0
-10.0
-30.0
-40.0
-50.0
-130.0
-20.0
10.0
-200.0
-100.0
-90.0
10.0
-40.0
-90.0
0.0
-50.0
-20.0
-40.0
-30.0
-80.0
-120.0
-310.0
-100.0
-220.0
-270.0
-40.0
-630.0
-80.0
-240.0
-10.0
-10.0
-10.0
-60.0
0.0
20.0
20.0
20.0
0.0
10.0
-50.0
20.0
-30.0
20.0
20.0
10.0
20.0
10.0
20.0
0.0
20.0
0.0
10.0
-40.0
-10.0
-60.0
20.0
0.0
20.0
10.0
-140.0
-60.0
-190.0
0.0
-40.0
-870.0
10.0
0.0
-100.0
20.0
-50.0
10.0
-30.0
10.0
-50.0
10.0
10.0
-20.0
-40.0
-1010.0
-40.0
-50.0
-70.0
10.0
-10.0
0.0
-650.0
-30.0
-100.0
-230.0
-10.0
-10.0
-30.0
-30.0
-10.0
-340.0
-50.0
-10.0
-430.0
0.0
-100.0
-50.0
-620.0
-330.0
-40.0
20.0
-10.0
-30.0
-1370.0
20.0
-40.0
20.0
-40.0
-120.0
-480.0
-90.0
-190.0
-370.0
-40.0
-190.0
-70.0
-30.0
20.0
10.0
-530.0
-220.0
-360.0
-100.0
-20.0
-300.0
-110.0
0.0
-120.0
-80.0
-10.0
-10.0
-50.0
10.0
-130.0
-70.0
0.0
-20.0
10.0
10.0
0.0
-20.0
-2190.0
10.0
0.0
0.0
10.0
10.0
10.0
0.0
20.0
0.0
-240.0
-140.0
-130.0
-200.0
0.0
-10.0
20.0
0.0
-50.0
-50.0
0.0
-20.0
-30.0
-20.0
-110.0
10.0
-20.0
-70.0
-90.0
-60.0
10.0
20.0
20.0
-10.0
-20.0
-50.0
-20.0
-10.0
-1030.0
-220.0
-10.0
-70.0
10.0
-230.0
-20.0
-70.0
-640.0
-80.0
20.0
10.0
10.0
10.0
10.0
-30.0
-70.0
10.0
-60.0
-20.0
-90.0
-20.0
-50.0
-130.0
-40.0
10.0
-40.0
0.0
-40.0
-90.0
-10.0
-30.0
-40.0
-110.0
-40.0
-1070.0
-140.0
-90.0
20.0
-280.0
20.0
20.0
-40.0
-100.0
-2430.0
-50.0
-290.0
-250.0
0.0
-100.0
-290.0
-30.0
-360.0
-40.0
20.0
-20.0
20.0
20.0
-30.0
20.0
0.0
-40.0
-120.0
0.0
-130.0
0.0
-1600.0
-30.0
10.0
20.0
20.0
20.0
20.0
-10.0
-10.0
-60.0
-160.0
-290.0
-320.0
-300.0
-120.0
-100.0
0.0
-120.0
10.0
-50.0
-40.0
10.0
0.0
0.0
10.0
-20.0
-10.0
0.0
-10.0
20.0
10.0
-40.0
-10.0
-10.0
-30.0
-110.0
-160.0
-450.0
-510.0
-40.0
-210.0
-310.0
0.0
10.0
-510.0
-60.0
-510.0
-130.0
10.0
20.0
-110.0
10.0
20.0
-110.0
-110.0
-70.0
-30.0
-30.0
20.0
-100.0
-220.0
-110.0
-40.0
20.0
-60.0
20.0
-180.0
-40.0
20.0
-20.0
-30.0
-190.0
-340.0
-650.0
-70.0
-190.0
-10.0
0.0
-10.0
-10.0
10.0
-40.0
-210.0
-410.0
-190.0
-180.0
-130.0
-350.0
-10.0
-20.0
10.0
-310.0
-150.0
0.0
-70.0
0.0
-30.0
0.0
-50.0
-160.0
-180.0
-270.0
-70.0
-40.0
-330.0
-20.0
10.0
10.0
10.0
-10.0
-50.0
-50.0
-40.0
-300.0
20.0
20.0
20.0
0.0
10.0
10.0
20.0
0.0
20.0
0.0
-10.0
20.0
-60.0
-340.0
-10.0
-80.0
0.0
0.0
20.0
20.0
0.0
-30.0
0.0
-40.0
-10.0
-10.0
20.0
0.0
-310.0
-70.0
-30.0
10.0
10.0
0.0
-1380.0
-170.0
-760.0
-410.0
-200.0
-90.0
-10.0
0.0
20.0
-1490.0
-60.0
-140.0
-20.0
-10.0
-30.0
-40.0
-70.0
-80.0
0.0
20.0
-40.0
20.0
-530.0
-70.0
-70.0
-120.0
-30.0
-110.0
10.0
-190.0
-30.0
-110.0
-10.0
-10.0
-20.0
-40.0
-20.0
20.0
-190.0
-200.0
-590.0
-20.0
-260.0
-400.0
-140.0
-330.0
-180.0
20.0
10.0
20.0
20.0
10.0
20.0
10.0
10.0
20.0
0.0
-50.0
0.0
-380.0
20.0
-30.0
20.0
10.0
10.0
10.0
-130.0
20.0
-20.0
10.0
-10.0
20.0
0.0
-400.0
-290.0
10.0
-150.0
-40.0
20.0
-30.0
-190.0
-3430.0
-1940.0
-110.0
-270.0
-10.0
-10.0
0.0
20.0
20.0
-10.0
-380.0
0.0
10.0
-20.0
0.0
-20.0
-670.0
-170.0
-310.0
0.0
-100.0
-40.0
-200.0
-20.0
-40.0
-150.0
-20.0
0.0
-500.0
-220.0
-90.0
-260.0
-70.0
-50.0
-570.0
-130.0
-160.0
-220.0
-110.0
-50.0
-170.0
10.0
-20.0
-200.0
-270.0
-480.0
-70.0
-70.0
20.0
10.0
-20.0
10.0
-10.0
20.0
-120.0
-270.0
-120.0
-150.0
-70.0
-400.0
-100.0
-210.0
-30.0
-1880.0
-10.0
-80.0
-10.0
-30.0
0.0
20.0
-30.0
-230.0
-10.0
20.0
-30.0
-30.0
-130.0
-20.0
-190.0
-10.0
-30.0
10.0
-280.0
-30.0
-60.0
-320.0
0.0
10.0
-160.0
20.0
0.0
20.0
10.0
20.0
10.0
-50.0
20.0
-10.0
-190.0
-480.0
10.0
-110.0
-770.0
-2200.0
-550.0
-360.0
20.0
10.0
-100.0
0.0
-160.0
20.0
-20.0
-370.0
-50.0
20.0
-50.0
0.0
-60.0
-50.0
-640.0
-30.0
-320.0
-120.0
-180.0
-30.0
-70.0
-50.0
-80.0
10.0
-50.0
-50.0
-910.0
0.0
-180.0
-200.0
-470.0
-20.0
0.0
10.0
0.0
10.0
-770.0
10.0
-130.0
-50.0
10.0
-140.0
-150.0
-380.0
-50.0
-180.0
0.0
10.0
10.0
20.0
20.0
0.0
-580.0
-720.0
-370.0
-20.0
-150.0
-230.0
-430.0
-330.0
-470.0
-650.0
-100.0
0.0
-50.0
-270.0
0.0
-20.0
-10.0
20.0
-130.0
-190.0
-200.0
-340.0
-90.0
-20.0
-190.0
-170.0
-300.0
-20.0
-20.0
0.0
-10.0
-10.0
0.0
10.0
10.0
0.0
20.0
20.0
-130.0
-80.0
20.0
20.0
0.0
10.0
10.0
-50.0
-20.0
-30.0
-200.0
10.0
-140.0
0.0
10.0
-10.0
-70.0
20.0
0.0
-160.0
-30.0
-30.0
-180.0
-40.0
-20.0
-250.0
0.0
-20.0
-50.0
-180.0
-320.0
-290.0
-100.0
-60.0
-100.0
-60.0
-70.0
-70.0
-20.0
-60.0
0.0
0.0
-10.0
20.0
-230.0
-70.0
-20.0
-50.0
-10.0
-50.0
-50.0
0.0
20.0
20.0
-100.0
-150.0
-190.0
-170.0
-50.0
0.0
-40.0
-40.0
-100.0
10.0
-10.0
-1200.0
-40.0
-220.0
-30.0
10.0
-50.0
-380.0
-250.0
-30.0
-120.0
10.0
20.0
-20.0
10.0
-30.0
-50.0
-20.0
-10.0
20.0
0.0
20.0
-20.0
-90.0
-20.0
0.0
-10.0
-30.0
20.0
20.0
20.0
0.0
-20.0
20.0
20.0
10.0
-60.0
-50.0
0.0
-20.0
-40.0
-10.0
-70.0
10.0
-70.0
20.0
10.0
-160.0
0.0
0.0
20.0
20.0
-20.0
-130.0
-70.0
-20.0
-20.0
-70.0
-70.0
20.0
-30.0
10.0
-60.0
10.0
-20.0
20.0
-40.0
-20.0
-340.0
-310.0
-250.0
-50.0
-180.0
0.0
-30.0
-50.0
10.0
-110.0
-2620.0
20.0
10.0
20.0
-140.0
-270.0
-20.0
0.0
-40.0
-50.0
-50.0
-490.0
-60.0
-210.0
-140.0
-340.0
-1580.0
-50.0
-880.0
-190.0
-80.0
-60.0
0.0
-50.0
-120.0
-30.0
10.0
-190.0
-730.0
10.0
-370.0
-20.0
-510.0
-40.0
-130.0
-190.0
10.0
10.0
20.0
0.0
10.0
-110.0
-60.0
20.0
-10.0
-10.0
-340.0
-220.0
20.0
-10.0
0.0
10.0
10.0
20.0
20.0
10.0
20.0
-50.0
-80.0
-10.0
-130.0
20.0
20.0
-20.0
20.0
-170.0
-90.0
-470.0
-40.0
-10.0
20.0
20.0
20.0
-1060.0
-330.0
-10.0
-20.0
-320.0
0.0
-150.0
-440.0
0.0
-870.0
-210.0
-130.0
-50.0
10.0
-90.0
-1680.0
10.0
-590.0
10.0
10.0
20.0
-20.0
0.0
10.0
0.0
20.0
-1000.0
-60.0
-70.0
-240.0
-20.0
-160.0
-10.0
10.0
20.0
-100.0
-10.0
10.0
-20.0
20.0
-20.0
-20.0
-250.0
-50.0
-1200.0
-490.0
0.0
10.0
0.0
-60.0
-20.0
0.0
-260.0
-1990.0
-400.0
-130.0
-330.0
20.0
-60.0
-40.0
-90.0
-20.0
0.0
10.0
-40.0
-500.0
-30.0
-20.0
-80.0
-80.0
20.0
0.0
-130.0
-2920.0
0.0
10.0
10.0
10.0
-50.0
20.0
0.0
10.0
20.0
-30.0
-450.0
-30.0
-30.0
10.0
10.0
20.0
10.0
-470.0
-880.0
-550.0
10.0
0.0
-20.0
10.0
10.0
20.0
10.0
20.0
-40.0
0.0
-50.0
-10.0
-120.0
-50.0
-60.0
-40.0
-340.0
-80.0
-40.0
-10.0
-110.0
-70.0
-40.0
-120.0
0.0
-30.0
-40.0
-30.0
-10.0
10.0
-10.0
-120.0
0.0
-160.0
-110.0
20.0
10.0
20.0
0.0
-170.0
-60.0
20.0
10.0
-10.0
-260.0
-280.0
-750.0
-70.0
-200.0
-440.0
-970.0
-1230.0
0.0
-390.0
-220.0
-100.0
-90.0
-140.0
-20.0
-140.0
-610.0
-490.0
-190.0
-30.0
-90.0
-190.0
-120.0
-460.0
-530.0
-220.0
10.0
10.0
20.0
-10.0
20.0
-60.0
10.0
0.0
20.0
10.0
10.0
20.0
-460.0
-10.0
20.0
20.0
20.0
-30.0
20.0
20.0
10.0
20.0
-40.0
-160.0
-70.0
-280.0
20.0
20.0
20.0
10.0
-50.0
-30.0
-40.0
-50.0
10.0
10.0
20.0
20.0
-10.0
10.0
20.0
0.0
-100.0
-210.0
10.0
-140.0
20.0
10.0
-90.0
-130.0
-110.0
0.0
-90.0
-500.0
20.0
-80.0
-230.0
-170.0
-250.0
-10.0
20.0
-10.0
-40.0
0.0
-110.0
-110.0
-60.0
-90.0
10.0
-40.0
-20.0
-480.0
-190.0
10.0
20.0
20.0
20.0
-90.0
-50.0
-190.0
-110.0
-50.0
-290.0
-280.0
-220.0
-30.0
-10.0
10.0
20.0
0.0
10.0
10.0
-810.0
-220.0
-590.0
-390.0
-930.0
-1720.0
-470.0
-270.0
-200.0
-390.0
10.0
20.0
20.0
-10.0
-20.0
-20.0
20.0
-160.0
0.0
-40.0
0.0
10.0
-70.0
-40.0
-160.0
-130.0
-30.0
-240.0
-120.0
20.0
10.0
10.0
-230.0
-680.0
0.0
-40.0
-110.0
-100.0
-80.0
20.0
-10.0
-10.0
10.0
0.0
-200.0
-520.0
-450.0
-330.0
20.0
10.0
20.0
20.0
-500.0
-10.0
-220.0
-150.0
10.0
-20.0
-160.0
10.0
-460.0
0.0
-20.0
20.0
10.0
10.0
-380.0
-1680.0
-930.0
-420.0
10.0
-10.0
-120.0
-20.0
20.0
-20.0
-290.0
20.0
-290.0
-590.0
-30.0
0.0
-20.0
-470.0
-80.0
-130.0
-10.0
-60.0
-1630.0
10.0
-10.0
-10.0
-130.0
-1090.0
-300.0
-40.0
-80.0
-80.0
-20.0
0.0
10.0
-40.0
0.0
20.0
-400.0
-280.0
-450.0
-200.0
-10.0
-330.0
-450.0
-220.0
-810.0
-240.0
10.0
-40.0
20.0
-10.0
20.0
20.0
0.0
0.0
-10.0
20.0
20.0
20.0
-40.0
10.0
-10.0
20.0
0.0
0.0
-170.0
10.0
-130.0
-990.0
-1100.0
-600.0
-20.0
-790.0
-140.0
-170.0
-380.0
-60.0
-10.0
-30.0
-190.0
-70.0
0.0
-340.0
-110.0
-160.0
-500.0
-150.0
-30.0
-230.0
-10.0
-40.0
-20.0
10.0
20.0
-320.0
-650.0
-30.0
10.0
10.0
-10.0
-10.0
-110.0
-790.0
-290.0
-320.0
-30.0
-40.0
10.0
-30.0
-60.0
0.0
-110.0
-180.0
-20.0
-1380.0
10.0
20.0
0.0
-140.0
-420.0
-360.0
-100.0
20.0
-40.0
-240.0
-10.0
10.0
10.0
-30.0
-160.0
-450.0
-60.0
-90.0
-130.0
-90.0
10.0
-20.0
0.0
0.0
0.0
-2490.0
-1950.0
-230.0
-380.0
-2590.0
-720.0
-230.0
-130.0
-470.0
20.0
20.0
10.0
0.0
0.0
20.0
0.0
-340.0
20.0
10.0
0.0
10.0
20.0
10.0
0.0
10.0
20.0
-90.0
-120.0
20.0
-60.0
10.0
-80.0
-430.0
-560.0
20.0
-10.0
20.0
20.0
-90.0
-240.0
0.0
10.0
20.0
0.0
-50.0
20.0
-350.0
-100.0
20.0
20.0
20.0
20.0
-20.0
0.0
-10.0
10.0
-10.0
-50.0
10.0
0.0
10.0
-70.0
10.0
-300.0
-90.0
-70.0
10.0
-10.0
-20.0
-70.0
-150.0
-110.0
-240.0
0.0
10.0
20.0
-60.0
-60.0
-50.0
-100.0
-20.0
0.0
-30.0
-60.0
0.0
-90.0
-220.0
-740.0
-530.0
-40.0
-60.0
-60.0
10.0
-10.0
-50.0
-330.0
-480.0
-170.0
-80.0
20.0
0.0
-20.0
-90.0
10.0
-20.0
-160.0
-30.0
-880.0
20.0
0.0
20.0
-50.0
-10.0
-560.0
-310.0
-320.0
-240.0
-210.0
-460.0
10.0
-80.0
-130.0
-380.0
-20.0
-180.0
-80.0
-20.0
10.0
20.0
10.0
0.0
20.0
10.0
-440.0
-880.0
10.0
-190.0
-50.0
-330.0
-10.0
-1110.0
-490.0
0.0
10.0
20.0
20.0
10.0
0.0
-30.0
20.0
-200.0
-100.0
-30.0
-390.0
-1500.0
10.0
0.0
-350.0
-60.0
-60.0
-740.0
-150.0
10.0
-30.0
-10.0
0.0
-140.0
20.0
10.0
20.0
20.0
20.0
-110.0
-1000.0
-670.0
-1570.0
-250.0
-120.0
-160.0
-10.0
-10.0
-200.0
-300.0
-30.0
-210.0
-200.0
10.0
-60.0
20.0
-530.0
-180.0
-210.0
-860.0
-80.0
-170.0
-690.0
-120.0
-30.0
-320.0
-440.0
-30.0
-40.0
-50.0
-10.0
10.0
-10.0
-900.0
-100.0
10.0
-10.0
-20.0
-40.0
-210.0
-80.0
-40.0
-50.0
-20.0
-230.0
-880.0
20.0
-440.0
-20.0
0.0
10.0
20.0
-80.0
-20.0
-180.0
-1190.0
-2400.0
-350.0
-110.0
-830.0
-2360.0
-610.0
-260.0
-60.0
20.0
-40.0
20.0
-290.0
10.0
20.0
-100.0
20.0
20.0
20.0
20.0
-210.0
20.0
20.0
20.0
20.0
20.0
10.0
-20.0
-160.0
-200.0
-10.0
-70.0
-190.0
0.0
-150.0
-50.0
-200.0
20.0
-1070.0
-180.0
-820.0
-220.0
-2470.0
-80.0
-160.0
-160.0
-330.0
10.0
10.0
0.0
20.0
10.0
-90.0
-10.0
-80.0
-470.0
-540.0
-100.0
-60.0
-30.0
-130.0
10.0
-80.0
-340.0
-300.0
-390.0
-260.0
-10.0
-20.0
10.0
-70.0
-100.0
20.0
10.0
-1170.0
-1430.0
-800.0
-190.0
-380.0
-160.0
20.0
10.0
20.0
0.0
-870.0
0.0
20.0
-30.0
-130.0
-650.0
-1600.0
-800.0
-440.0
-610.0
-120.0
-10.0
-60.0
-120.0
-60.0
-60.0
-630.0
-1440.0
-10.0
-80.0
-130.0
-470.0
-2850.0
-170.0
-800.0
-60.0
-250.0
-50.0
20.0
-70.0
0.0
-90.0
-100.0
20.0
20.0
20.0
20.0
-340.0
-290.0
-70.0
-30.0
-80.0
-30.0
-980.0
-260.0
-160.0
-240.0
0.0
-50.0
-250.0
10.0
-20.0
10.0
10.0
20.0
0.0
-20.0
-40.0
-70.0
-30.0
-310.0
-40.0
-340.0
-30.0
0.0
10.0
20.0
-90.0
-50.0
20.0
-10.0
-30.0
-120.0
20.0
-390.0
-180.0
-30.0
20.0
20.0
20.0
-30.0
-60.0
-140.0
-550.0
-220.0
-90.0
-100.0
10.0
-80.0
-70.0
-140.0
-50.0
-30.0
-420.0
-220.0
0.0
10.0
-10.0
-440.0
-40.0
10.0
-70.0
-10.0
-70.0
-40.0
-10.0
10.0
-20.0
-70.0
-200.0
-620.0
10.0
-290.0
20.0
20.0
-20.0
20.0
-70.0
20.0
-480.0
-2320.0
-220.0
-60.0
-120.0
-580.0
-1980.0
-140.0
-210.0
-330.0
10.0
20.0
20.0
0.0
-20.0
-10.0
20.0
-70.0
20.0
20.0
20.0
20.0
-670.0
-50.0
-20.0
-70.0
-60.0
-10.0
10.0
